../../../.git/annex/objects/5K/PV/MD5E-s2221--7ca8d12076334aa5ebb7ba6f5e33f5d1.tsv/MD5E-s2221--7ca8d12076334aa5ebb7ba6f5e33f5d1.tsv